{
 "cells": [
  {
   "cell_type": "markdown",
   "id": "52dfaa5f",
   "metadata": {},
   "source": [
    "# Boston House Price Prediction"
   ]
  },
  {
   "cell_type": "markdown",
   "id": "1e3ccf35",
   "metadata": {},
   "source": [
    "### Import the Libraires and Dataset"
   ]
  },
  {
   "cell_type": "code",
   "execution_count": 1,
   "id": "de8e929d",
   "metadata": {},
   "outputs": [],
   "source": [
    "import pandas as pd\n",
    "import numpy as np\n",
    "import seaborn as sns\n",
    "from matplotlib import pyplot as plt"
   ]
  },
  {
   "cell_type": "code",
   "execution_count": 3,
   "id": "9f8378d6",
   "metadata": {},
   "outputs": [
    {
     "data": {
      "text/html": [
       "<div>\n",
       "<style scoped>\n",
       "    .dataframe tbody tr th:only-of-type {\n",
       "        vertical-align: middle;\n",
       "    }\n",
       "\n",
       "    .dataframe tbody tr th {\n",
       "        vertical-align: top;\n",
       "    }\n",
       "\n",
       "    .dataframe thead th {\n",
       "        text-align: right;\n",
       "    }\n",
       "</style>\n",
       "<table border=\"1\" class=\"dataframe\">\n",
       "  <thead>\n",
       "    <tr style=\"text-align: right;\">\n",
       "      <th></th>\n",
       "      <th>ID</th>\n",
       "      <th>crim</th>\n",
       "      <th>zn</th>\n",
       "      <th>indus</th>\n",
       "      <th>chas</th>\n",
       "      <th>nox</th>\n",
       "      <th>rm</th>\n",
       "      <th>age</th>\n",
       "      <th>dis</th>\n",
       "      <th>rad</th>\n",
       "      <th>tax</th>\n",
       "      <th>ptratio</th>\n",
       "      <th>black</th>\n",
       "      <th>lstat</th>\n",
       "      <th>medv</th>\n",
       "    </tr>\n",
       "  </thead>\n",
       "  <tbody>\n",
       "    <tr>\n",
       "      <th>0</th>\n",
       "      <td>351</td>\n",
       "      <td>0.07950</td>\n",
       "      <td>60</td>\n",
       "      <td>1.69</td>\n",
       "      <td>0</td>\n",
       "      <td>0.411</td>\n",
       "      <td>6.579</td>\n",
       "      <td>35.9</td>\n",
       "      <td>10.7103</td>\n",
       "      <td>4</td>\n",
       "      <td>411</td>\n",
       "      <td>18.3</td>\n",
       "      <td>370.78</td>\n",
       "      <td>5.49</td>\n",
       "      <td>24.1</td>\n",
       "    </tr>\n",
       "    <tr>\n",
       "      <th>1</th>\n",
       "      <td>352</td>\n",
       "      <td>0.07244</td>\n",
       "      <td>60</td>\n",
       "      <td>1.69</td>\n",
       "      <td>0</td>\n",
       "      <td>0.411</td>\n",
       "      <td>5.884</td>\n",
       "      <td>18.5</td>\n",
       "      <td>10.7103</td>\n",
       "      <td>4</td>\n",
       "      <td>411</td>\n",
       "      <td>18.3</td>\n",
       "      <td>392.33</td>\n",
       "      <td>7.79</td>\n",
       "      <td>18.6</td>\n",
       "    </tr>\n",
       "    <tr>\n",
       "      <th>2</th>\n",
       "      <td>353</td>\n",
       "      <td>0.01709</td>\n",
       "      <td>90</td>\n",
       "      <td>2.02</td>\n",
       "      <td>0</td>\n",
       "      <td>0.410</td>\n",
       "      <td>6.728</td>\n",
       "      <td>36.1</td>\n",
       "      <td>12.1265</td>\n",
       "      <td>5</td>\n",
       "      <td>187</td>\n",
       "      <td>17.0</td>\n",
       "      <td>384.46</td>\n",
       "      <td>4.50</td>\n",
       "      <td>30.1</td>\n",
       "    </tr>\n",
       "    <tr>\n",
       "      <th>3</th>\n",
       "      <td>354</td>\n",
       "      <td>0.04301</td>\n",
       "      <td>80</td>\n",
       "      <td>1.91</td>\n",
       "      <td>0</td>\n",
       "      <td>0.413</td>\n",
       "      <td>5.663</td>\n",
       "      <td>21.9</td>\n",
       "      <td>10.5857</td>\n",
       "      <td>4</td>\n",
       "      <td>334</td>\n",
       "      <td>22.0</td>\n",
       "      <td>382.80</td>\n",
       "      <td>8.05</td>\n",
       "      <td>18.2</td>\n",
       "    </tr>\n",
       "    <tr>\n",
       "      <th>4</th>\n",
       "      <td>355</td>\n",
       "      <td>0.10659</td>\n",
       "      <td>80</td>\n",
       "      <td>1.91</td>\n",
       "      <td>0</td>\n",
       "      <td>0.413</td>\n",
       "      <td>5.936</td>\n",
       "      <td>19.5</td>\n",
       "      <td>10.5857</td>\n",
       "      <td>4</td>\n",
       "      <td>334</td>\n",
       "      <td>22.0</td>\n",
       "      <td>376.04</td>\n",
       "      <td>5.57</td>\n",
       "      <td>20.6</td>\n",
       "    </tr>\n",
       "  </tbody>\n",
       "</table>\n",
       "</div>"
      ],
      "text/plain": [
       "    ID     crim  zn  indus  chas    nox     rm   age      dis  rad  tax  \\\n",
       "0  351  0.07950  60   1.69     0  0.411  6.579  35.9  10.7103    4  411   \n",
       "1  352  0.07244  60   1.69     0  0.411  5.884  18.5  10.7103    4  411   \n",
       "2  353  0.01709  90   2.02     0  0.410  6.728  36.1  12.1265    5  187   \n",
       "3  354  0.04301  80   1.91     0  0.413  5.663  21.9  10.5857    4  334   \n",
       "4  355  0.10659  80   1.91     0  0.413  5.936  19.5  10.5857    4  334   \n",
       "\n",
       "   ptratio   black  lstat  medv  \n",
       "0     18.3  370.78   5.49  24.1  \n",
       "1     18.3  392.33   7.79  18.6  \n",
       "2     17.0  384.46   4.50  30.1  \n",
       "3     22.0  382.80   8.05  18.2  \n",
       "4     22.0  376.04   5.57  20.6  "
      ]
     },
     "execution_count": 3,
     "metadata": {},
     "output_type": "execute_result"
    }
   ],
   "source": [
    "# Load the Boston housing dataset\n",
    "\n",
    "df = pd.read_csv('Boston_Test.csv')\n",
    "df.head()"
   ]
  },
  {
   "cell_type": "markdown",
   "id": "92fef052",
   "metadata": {},
   "source": [
    "### Data Preprocessing"
   ]
  },
  {
   "cell_type": "code",
   "execution_count": 4,
   "id": "03c9a69c",
   "metadata": {},
   "outputs": [
    {
     "name": "stdout",
     "output_type": "stream",
     "text": [
      "Boston housing dataset has 155 data points with 15 variables each.\n"
     ]
    }
   ],
   "source": [
    "# Shape of the Dataset\n",
    "print(\"Boston housing dataset has {} data points with {} variables each.\".format(*df.shape))"
   ]
  },
  {
   "cell_type": "code",
   "execution_count": 5,
   "id": "cbd48d0c",
   "metadata": {},
   "outputs": [
    {
     "data": {
      "text/plain": [
       "ID         0\n",
       "crim       0\n",
       "zn         0\n",
       "indus      0\n",
       "chas       0\n",
       "nox        0\n",
       "rm         0\n",
       "age        0\n",
       "dis        0\n",
       "rad        0\n",
       "tax        0\n",
       "ptratio    0\n",
       "black      0\n",
       "lstat      0\n",
       "medv       0\n",
       "dtype: int64"
      ]
     },
     "execution_count": 5,
     "metadata": {},
     "output_type": "execute_result"
    }
   ],
   "source": [
    "# Checking for the Null Values in the Dataset\n",
    "df.isnull().sum()"
   ]
  },
  {
   "cell_type": "code",
   "execution_count": 6,
   "id": "51c5f6f1",
   "metadata": {},
   "outputs": [],
   "source": [
    "df.rename(columns={'medv':'Price'},inplace=True)"
   ]
  },
  {
   "cell_type": "code",
   "execution_count": 7,
   "id": "da7535ce",
   "metadata": {},
   "outputs": [
    {
     "name": "stdout",
     "output_type": "stream",
     "text": [
      "<class 'pandas.core.frame.DataFrame'>\n",
      "RangeIndex: 155 entries, 0 to 154\n",
      "Data columns (total 15 columns):\n",
      " #   Column   Non-Null Count  Dtype  \n",
      "---  ------   --------------  -----  \n",
      " 0   ID       155 non-null    int64  \n",
      " 1   crim     155 non-null    float64\n",
      " 2   zn       155 non-null    int64  \n",
      " 3   indus    155 non-null    float64\n",
      " 4   chas     155 non-null    int64  \n",
      " 5   nox      155 non-null    float64\n",
      " 6   rm       155 non-null    float64\n",
      " 7   age      155 non-null    float64\n",
      " 8   dis      155 non-null    float64\n",
      " 9   rad      155 non-null    int64  \n",
      " 10  tax      155 non-null    int64  \n",
      " 11  ptratio  155 non-null    float64\n",
      " 12  black    155 non-null    float64\n",
      " 13  lstat    155 non-null    float64\n",
      " 14  Price    155 non-null    float64\n",
      "dtypes: float64(10), int64(5)\n",
      "memory usage: 18.3 KB\n"
     ]
    }
   ],
   "source": [
    "# Information about the dataset\n",
    "\n",
    "df.info()"
   ]
  },
  {
   "cell_type": "code",
   "execution_count": 8,
   "id": "a9db638b",
   "metadata": {},
   "outputs": [
    {
     "data": {
      "text/html": [
       "<div>\n",
       "<style scoped>\n",
       "    .dataframe tbody tr th:only-of-type {\n",
       "        vertical-align: middle;\n",
       "    }\n",
       "\n",
       "    .dataframe tbody tr th {\n",
       "        vertical-align: top;\n",
       "    }\n",
       "\n",
       "    .dataframe thead th {\n",
       "        text-align: right;\n",
       "    }\n",
       "</style>\n",
       "<table border=\"1\" class=\"dataframe\">\n",
       "  <thead>\n",
       "    <tr style=\"text-align: right;\">\n",
       "      <th></th>\n",
       "      <th>ID</th>\n",
       "      <th>crim</th>\n",
       "      <th>zn</th>\n",
       "      <th>indus</th>\n",
       "      <th>chas</th>\n",
       "      <th>nox</th>\n",
       "      <th>rm</th>\n",
       "      <th>age</th>\n",
       "      <th>dis</th>\n",
       "      <th>rad</th>\n",
       "      <th>tax</th>\n",
       "      <th>ptratio</th>\n",
       "      <th>black</th>\n",
       "      <th>lstat</th>\n",
       "      <th>Price</th>\n",
       "    </tr>\n",
       "  </thead>\n",
       "  <tbody>\n",
       "    <tr>\n",
       "      <th>count</th>\n",
       "      <td>155.000000</td>\n",
       "      <td>155.000000</td>\n",
       "      <td>155.000000</td>\n",
       "      <td>155.000000</td>\n",
       "      <td>155.000000</td>\n",
       "      <td>155.000000</td>\n",
       "      <td>155.000000</td>\n",
       "      <td>155.000000</td>\n",
       "      <td>155.000000</td>\n",
       "      <td>155.000000</td>\n",
       "      <td>155.000000</td>\n",
       "      <td>155.000000</td>\n",
       "      <td>155.000000</td>\n",
       "      <td>155.000000</td>\n",
       "      <td>155.000000</td>\n",
       "    </tr>\n",
       "    <tr>\n",
       "      <th>mean</th>\n",
       "      <td>428.000000</td>\n",
       "      <td>10.886843</td>\n",
       "      <td>2.387097</td>\n",
       "      <td>17.253484</td>\n",
       "      <td>0.051613</td>\n",
       "      <td>0.654239</td>\n",
       "      <td>6.014555</td>\n",
       "      <td>86.140645</td>\n",
       "      <td>2.377864</td>\n",
       "      <td>21.045161</td>\n",
       "      <td>629.916129</td>\n",
       "      <td>20.149032</td>\n",
       "      <td>302.744258</td>\n",
       "      <td>17.737742</td>\n",
       "      <td>16.803871</td>\n",
       "    </tr>\n",
       "    <tr>\n",
       "      <th>std</th>\n",
       "      <td>44.888751</td>\n",
       "      <td>12.842318</td>\n",
       "      <td>13.294070</td>\n",
       "      <td>3.973223</td>\n",
       "      <td>0.221961</td>\n",
       "      <td>0.076748</td>\n",
       "      <td>0.687848</td>\n",
       "      <td>17.844278</td>\n",
       "      <td>1.678612</td>\n",
       "      <td>7.137192</td>\n",
       "      <td>107.071159</td>\n",
       "      <td>0.475281</td>\n",
       "      <td>139.254349</td>\n",
       "      <td>7.134484</td>\n",
       "      <td>8.186613</td>\n",
       "    </tr>\n",
       "    <tr>\n",
       "      <th>min</th>\n",
       "      <td>351.000000</td>\n",
       "      <td>0.017090</td>\n",
       "      <td>0.000000</td>\n",
       "      <td>1.690000</td>\n",
       "      <td>0.000000</td>\n",
       "      <td>0.410000</td>\n",
       "      <td>3.561000</td>\n",
       "      <td>18.500000</td>\n",
       "      <td>1.129600</td>\n",
       "      <td>1.000000</td>\n",
       "      <td>187.000000</td>\n",
       "      <td>17.000000</td>\n",
       "      <td>0.320000</td>\n",
       "      <td>2.960000</td>\n",
       "      <td>5.000000</td>\n",
       "    </tr>\n",
       "    <tr>\n",
       "      <th>25%</th>\n",
       "      <td>389.500000</td>\n",
       "      <td>4.385535</td>\n",
       "      <td>0.000000</td>\n",
       "      <td>18.100000</td>\n",
       "      <td>0.000000</td>\n",
       "      <td>0.591000</td>\n",
       "      <td>5.695000</td>\n",
       "      <td>81.900000</td>\n",
       "      <td>1.643250</td>\n",
       "      <td>24.000000</td>\n",
       "      <td>666.000000</td>\n",
       "      <td>20.200000</td>\n",
       "      <td>288.690000</td>\n",
       "      <td>13.335000</td>\n",
       "      <td>11.750000</td>\n",
       "    </tr>\n",
       "    <tr>\n",
       "      <th>50%</th>\n",
       "      <td>428.000000</td>\n",
       "      <td>7.839320</td>\n",
       "      <td>0.000000</td>\n",
       "      <td>18.100000</td>\n",
       "      <td>0.000000</td>\n",
       "      <td>0.679000</td>\n",
       "      <td>6.112000</td>\n",
       "      <td>92.600000</td>\n",
       "      <td>2.004800</td>\n",
       "      <td>24.000000</td>\n",
       "      <td>666.000000</td>\n",
       "      <td>20.200000</td>\n",
       "      <td>378.380000</td>\n",
       "      <td>17.270000</td>\n",
       "      <td>15.100000</td>\n",
       "    </tr>\n",
       "    <tr>\n",
       "      <th>75%</th>\n",
       "      <td>466.500000</td>\n",
       "      <td>13.441000</td>\n",
       "      <td>0.000000</td>\n",
       "      <td>18.100000</td>\n",
       "      <td>0.000000</td>\n",
       "      <td>0.713000</td>\n",
       "      <td>6.414000</td>\n",
       "      <td>98.250000</td>\n",
       "      <td>2.501600</td>\n",
       "      <td>24.000000</td>\n",
       "      <td>666.000000</td>\n",
       "      <td>20.200000</td>\n",
       "      <td>396.555000</td>\n",
       "      <td>21.945000</td>\n",
       "      <td>20.600000</td>\n",
       "    </tr>\n",
       "    <tr>\n",
       "      <th>max</th>\n",
       "      <td>505.000000</td>\n",
       "      <td>88.976200</td>\n",
       "      <td>90.000000</td>\n",
       "      <td>27.740000</td>\n",
       "      <td>1.000000</td>\n",
       "      <td>0.770000</td>\n",
       "      <td>8.780000</td>\n",
       "      <td>100.000000</td>\n",
       "      <td>12.126500</td>\n",
       "      <td>24.000000</td>\n",
       "      <td>711.000000</td>\n",
       "      <td>22.000000</td>\n",
       "      <td>396.900000</td>\n",
       "      <td>37.970000</td>\n",
       "      <td>50.000000</td>\n",
       "    </tr>\n",
       "  </tbody>\n",
       "</table>\n",
       "</div>"
      ],
      "text/plain": [
       "               ID        crim          zn       indus        chas         nox  \\\n",
       "count  155.000000  155.000000  155.000000  155.000000  155.000000  155.000000   \n",
       "mean   428.000000   10.886843    2.387097   17.253484    0.051613    0.654239   \n",
       "std     44.888751   12.842318   13.294070    3.973223    0.221961    0.076748   \n",
       "min    351.000000    0.017090    0.000000    1.690000    0.000000    0.410000   \n",
       "25%    389.500000    4.385535    0.000000   18.100000    0.000000    0.591000   \n",
       "50%    428.000000    7.839320    0.000000   18.100000    0.000000    0.679000   \n",
       "75%    466.500000   13.441000    0.000000   18.100000    0.000000    0.713000   \n",
       "max    505.000000   88.976200   90.000000   27.740000    1.000000    0.770000   \n",
       "\n",
       "               rm         age         dis         rad         tax     ptratio  \\\n",
       "count  155.000000  155.000000  155.000000  155.000000  155.000000  155.000000   \n",
       "mean     6.014555   86.140645    2.377864   21.045161  629.916129   20.149032   \n",
       "std      0.687848   17.844278    1.678612    7.137192  107.071159    0.475281   \n",
       "min      3.561000   18.500000    1.129600    1.000000  187.000000   17.000000   \n",
       "25%      5.695000   81.900000    1.643250   24.000000  666.000000   20.200000   \n",
       "50%      6.112000   92.600000    2.004800   24.000000  666.000000   20.200000   \n",
       "75%      6.414000   98.250000    2.501600   24.000000  666.000000   20.200000   \n",
       "max      8.780000  100.000000   12.126500   24.000000  711.000000   22.000000   \n",
       "\n",
       "            black       lstat       Price  \n",
       "count  155.000000  155.000000  155.000000  \n",
       "mean   302.744258   17.737742   16.803871  \n",
       "std    139.254349    7.134484    8.186613  \n",
       "min      0.320000    2.960000    5.000000  \n",
       "25%    288.690000   13.335000   11.750000  \n",
       "50%    378.380000   17.270000   15.100000  \n",
       "75%    396.555000   21.945000   20.600000  \n",
       "max    396.900000   37.970000   50.000000  "
      ]
     },
     "execution_count": 8,
     "metadata": {},
     "output_type": "execute_result"
    }
   ],
   "source": [
    "# Description of the Dataset\n",
    "df.describe()"
   ]
  },
  {
   "cell_type": "code",
   "execution_count": 9,
   "id": "a0011795",
   "metadata": {},
   "outputs": [],
   "source": [
    "# Remove ID column\n",
    "df.drop(['ID'], axis = 1, inplace = True)"
   ]
  },
  {
   "cell_type": "markdown",
   "id": "90f4f372",
   "metadata": {},
   "source": [
    "### Data Analysis"
   ]
  },
  {
   "cell_type": "code",
   "execution_count": 10,
   "id": "9309d3f9",
   "metadata": {},
   "outputs": [
    {
     "data": {
      "text/html": [
       "<div>\n",
       "<style scoped>\n",
       "    .dataframe tbody tr th:only-of-type {\n",
       "        vertical-align: middle;\n",
       "    }\n",
       "\n",
       "    .dataframe tbody tr th {\n",
       "        vertical-align: top;\n",
       "    }\n",
       "\n",
       "    .dataframe thead th {\n",
       "        text-align: right;\n",
       "    }\n",
       "</style>\n",
       "<table border=\"1\" class=\"dataframe\">\n",
       "  <thead>\n",
       "    <tr style=\"text-align: right;\">\n",
       "      <th></th>\n",
       "      <th>crim</th>\n",
       "      <th>zn</th>\n",
       "      <th>indus</th>\n",
       "      <th>chas</th>\n",
       "      <th>nox</th>\n",
       "      <th>rm</th>\n",
       "      <th>age</th>\n",
       "      <th>dis</th>\n",
       "      <th>rad</th>\n",
       "      <th>tax</th>\n",
       "      <th>ptratio</th>\n",
       "      <th>black</th>\n",
       "      <th>lstat</th>\n",
       "      <th>Price</th>\n",
       "    </tr>\n",
       "  </thead>\n",
       "  <tbody>\n",
       "    <tr>\n",
       "      <th>crim</th>\n",
       "      <td>1.000000</td>\n",
       "      <td>-0.152348</td>\n",
       "      <td>0.179841</td>\n",
       "      <td>-0.093143</td>\n",
       "      <td>0.213166</td>\n",
       "      <td>-0.143275</td>\n",
       "      <td>0.325185</td>\n",
       "      <td>-0.286940</td>\n",
       "      <td>0.348854</td>\n",
       "      <td>0.284270</td>\n",
       "      <td>0.089668</td>\n",
       "      <td>-0.218991</td>\n",
       "      <td>0.377835</td>\n",
       "      <td>-0.360291</td>\n",
       "    </tr>\n",
       "    <tr>\n",
       "      <th>zn</th>\n",
       "      <td>-0.152348</td>\n",
       "      <td>1.000000</td>\n",
       "      <td>-0.699946</td>\n",
       "      <td>-0.042025</td>\n",
       "      <td>-0.571318</td>\n",
       "      <td>0.039649</td>\n",
       "      <td>-0.603493</td>\n",
       "      <td>0.928395</td>\n",
       "      <td>-0.425456</td>\n",
       "      <td>-0.517683</td>\n",
       "      <td>-0.214937</td>\n",
       "      <td>0.102001</td>\n",
       "      <td>-0.292446</td>\n",
       "      <td>0.128731</td>\n",
       "    </tr>\n",
       "    <tr>\n",
       "      <th>indus</th>\n",
       "      <td>0.179841</td>\n",
       "      <td>-0.699946</td>\n",
       "      <td>1.000000</td>\n",
       "      <td>0.049864</td>\n",
       "      <td>0.526102</td>\n",
       "      <td>-0.072299</td>\n",
       "      <td>0.649612</td>\n",
       "      <td>-0.713432</td>\n",
       "      <td>0.498824</td>\n",
       "      <td>0.837711</td>\n",
       "      <td>0.297863</td>\n",
       "      <td>-0.144847</td>\n",
       "      <td>0.356396</td>\n",
       "      <td>-0.196242</td>\n",
       "    </tr>\n",
       "    <tr>\n",
       "      <th>chas</th>\n",
       "      <td>-0.093143</td>\n",
       "      <td>-0.042025</td>\n",
       "      <td>0.049864</td>\n",
       "      <td>1.000000</td>\n",
       "      <td>0.188340</td>\n",
       "      <td>0.203069</td>\n",
       "      <td>0.063078</td>\n",
       "      <td>-0.072758</td>\n",
       "      <td>0.096894</td>\n",
       "      <td>0.078874</td>\n",
       "      <td>0.025098</td>\n",
       "      <td>0.118781</td>\n",
       "      <td>-0.262646</td>\n",
       "      <td>0.416206</td>\n",
       "    </tr>\n",
       "    <tr>\n",
       "      <th>nox</th>\n",
       "      <td>0.213166</td>\n",
       "      <td>-0.571318</td>\n",
       "      <td>0.526102</td>\n",
       "      <td>0.188340</td>\n",
       "      <td>1.000000</td>\n",
       "      <td>-0.006620</td>\n",
       "      <td>0.646472</td>\n",
       "      <td>-0.635088</td>\n",
       "      <td>0.567316</td>\n",
       "      <td>0.555519</td>\n",
       "      <td>0.193859</td>\n",
       "      <td>-0.128677</td>\n",
       "      <td>0.366022</td>\n",
       "      <td>-0.285615</td>\n",
       "    </tr>\n",
       "    <tr>\n",
       "      <th>rm</th>\n",
       "      <td>-0.143275</td>\n",
       "      <td>0.039649</td>\n",
       "      <td>-0.072299</td>\n",
       "      <td>0.203069</td>\n",
       "      <td>-0.006620</td>\n",
       "      <td>1.000000</td>\n",
       "      <td>-0.069498</td>\n",
       "      <td>0.130023</td>\n",
       "      <td>0.012459</td>\n",
       "      <td>-0.071521</td>\n",
       "      <td>0.005951</td>\n",
       "      <td>-0.047400</td>\n",
       "      <td>-0.397493</td>\n",
       "      <td>0.150820</td>\n",
       "    </tr>\n",
       "    <tr>\n",
       "      <th>age</th>\n",
       "      <td>0.325185</td>\n",
       "      <td>-0.603493</td>\n",
       "      <td>0.649612</td>\n",
       "      <td>0.063078</td>\n",
       "      <td>0.646472</td>\n",
       "      <td>-0.069498</td>\n",
       "      <td>1.000000</td>\n",
       "      <td>-0.757964</td>\n",
       "      <td>0.473795</td>\n",
       "      <td>0.557848</td>\n",
       "      <td>0.250475</td>\n",
       "      <td>-0.133371</td>\n",
       "      <td>0.450522</td>\n",
       "      <td>-0.233148</td>\n",
       "    </tr>\n",
       "    <tr>\n",
       "      <th>dis</th>\n",
       "      <td>-0.286940</td>\n",
       "      <td>0.928395</td>\n",
       "      <td>-0.713432</td>\n",
       "      <td>-0.072758</td>\n",
       "      <td>-0.635088</td>\n",
       "      <td>0.130023</td>\n",
       "      <td>-0.757964</td>\n",
       "      <td>1.000000</td>\n",
       "      <td>-0.445982</td>\n",
       "      <td>-0.537627</td>\n",
       "      <td>-0.281993</td>\n",
       "      <td>0.129528</td>\n",
       "      <td>-0.418389</td>\n",
       "      <td>0.167028</td>\n",
       "    </tr>\n",
       "    <tr>\n",
       "      <th>rad</th>\n",
       "      <td>0.348854</td>\n",
       "      <td>-0.425456</td>\n",
       "      <td>0.498824</td>\n",
       "      <td>0.096894</td>\n",
       "      <td>0.567316</td>\n",
       "      <td>0.012459</td>\n",
       "      <td>0.473795</td>\n",
       "      <td>-0.445982</td>\n",
       "      <td>1.000000</td>\n",
       "      <td>0.818708</td>\n",
       "      <td>0.198043</td>\n",
       "      <td>-0.251525</td>\n",
       "      <td>0.302525</td>\n",
       "      <td>-0.115171</td>\n",
       "    </tr>\n",
       "    <tr>\n",
       "      <th>tax</th>\n",
       "      <td>0.284270</td>\n",
       "      <td>-0.517683</td>\n",
       "      <td>0.837711</td>\n",
       "      <td>0.078874</td>\n",
       "      <td>0.555519</td>\n",
       "      <td>-0.071521</td>\n",
       "      <td>0.557848</td>\n",
       "      <td>-0.537627</td>\n",
       "      <td>0.818708</td>\n",
       "      <td>1.000000</td>\n",
       "      <td>0.207613</td>\n",
       "      <td>-0.219031</td>\n",
       "      <td>0.385398</td>\n",
       "      <td>-0.190652</td>\n",
       "    </tr>\n",
       "    <tr>\n",
       "      <th>ptratio</th>\n",
       "      <td>0.089668</td>\n",
       "      <td>-0.214937</td>\n",
       "      <td>0.297863</td>\n",
       "      <td>0.025098</td>\n",
       "      <td>0.193859</td>\n",
       "      <td>0.005951</td>\n",
       "      <td>0.250475</td>\n",
       "      <td>-0.281993</td>\n",
       "      <td>0.198043</td>\n",
       "      <td>0.207613</td>\n",
       "      <td>1.000000</td>\n",
       "      <td>-0.068344</td>\n",
       "      <td>0.047701</td>\n",
       "      <td>-0.106006</td>\n",
       "    </tr>\n",
       "    <tr>\n",
       "      <th>black</th>\n",
       "      <td>-0.218991</td>\n",
       "      <td>0.102001</td>\n",
       "      <td>-0.144847</td>\n",
       "      <td>0.118781</td>\n",
       "      <td>-0.128677</td>\n",
       "      <td>-0.047400</td>\n",
       "      <td>-0.133371</td>\n",
       "      <td>0.129528</td>\n",
       "      <td>-0.251525</td>\n",
       "      <td>-0.219031</td>\n",
       "      <td>-0.068344</td>\n",
       "      <td>1.000000</td>\n",
       "      <td>-0.262724</td>\n",
       "      <td>0.274272</td>\n",
       "    </tr>\n",
       "    <tr>\n",
       "      <th>lstat</th>\n",
       "      <td>0.377835</td>\n",
       "      <td>-0.292446</td>\n",
       "      <td>0.356396</td>\n",
       "      <td>-0.262646</td>\n",
       "      <td>0.366022</td>\n",
       "      <td>-0.397493</td>\n",
       "      <td>0.450522</td>\n",
       "      <td>-0.418389</td>\n",
       "      <td>0.302525</td>\n",
       "      <td>0.385398</td>\n",
       "      <td>0.047701</td>\n",
       "      <td>-0.262724</td>\n",
       "      <td>1.000000</td>\n",
       "      <td>-0.691140</td>\n",
       "    </tr>\n",
       "    <tr>\n",
       "      <th>Price</th>\n",
       "      <td>-0.360291</td>\n",
       "      <td>0.128731</td>\n",
       "      <td>-0.196242</td>\n",
       "      <td>0.416206</td>\n",
       "      <td>-0.285615</td>\n",
       "      <td>0.150820</td>\n",
       "      <td>-0.233148</td>\n",
       "      <td>0.167028</td>\n",
       "      <td>-0.115171</td>\n",
       "      <td>-0.190652</td>\n",
       "      <td>-0.106006</td>\n",
       "      <td>0.274272</td>\n",
       "      <td>-0.691140</td>\n",
       "      <td>1.000000</td>\n",
       "    </tr>\n",
       "  </tbody>\n",
       "</table>\n",
       "</div>"
      ],
      "text/plain": [
       "             crim        zn     indus      chas       nox        rm       age  \\\n",
       "crim     1.000000 -0.152348  0.179841 -0.093143  0.213166 -0.143275  0.325185   \n",
       "zn      -0.152348  1.000000 -0.699946 -0.042025 -0.571318  0.039649 -0.603493   \n",
       "indus    0.179841 -0.699946  1.000000  0.049864  0.526102 -0.072299  0.649612   \n",
       "chas    -0.093143 -0.042025  0.049864  1.000000  0.188340  0.203069  0.063078   \n",
       "nox      0.213166 -0.571318  0.526102  0.188340  1.000000 -0.006620  0.646472   \n",
       "rm      -0.143275  0.039649 -0.072299  0.203069 -0.006620  1.000000 -0.069498   \n",
       "age      0.325185 -0.603493  0.649612  0.063078  0.646472 -0.069498  1.000000   \n",
       "dis     -0.286940  0.928395 -0.713432 -0.072758 -0.635088  0.130023 -0.757964   \n",
       "rad      0.348854 -0.425456  0.498824  0.096894  0.567316  0.012459  0.473795   \n",
       "tax      0.284270 -0.517683  0.837711  0.078874  0.555519 -0.071521  0.557848   \n",
       "ptratio  0.089668 -0.214937  0.297863  0.025098  0.193859  0.005951  0.250475   \n",
       "black   -0.218991  0.102001 -0.144847  0.118781 -0.128677 -0.047400 -0.133371   \n",
       "lstat    0.377835 -0.292446  0.356396 -0.262646  0.366022 -0.397493  0.450522   \n",
       "Price   -0.360291  0.128731 -0.196242  0.416206 -0.285615  0.150820 -0.233148   \n",
       "\n",
       "              dis       rad       tax   ptratio     black     lstat     Price  \n",
       "crim    -0.286940  0.348854  0.284270  0.089668 -0.218991  0.377835 -0.360291  \n",
       "zn       0.928395 -0.425456 -0.517683 -0.214937  0.102001 -0.292446  0.128731  \n",
       "indus   -0.713432  0.498824  0.837711  0.297863 -0.144847  0.356396 -0.196242  \n",
       "chas    -0.072758  0.096894  0.078874  0.025098  0.118781 -0.262646  0.416206  \n",
       "nox     -0.635088  0.567316  0.555519  0.193859 -0.128677  0.366022 -0.285615  \n",
       "rm       0.130023  0.012459 -0.071521  0.005951 -0.047400 -0.397493  0.150820  \n",
       "age     -0.757964  0.473795  0.557848  0.250475 -0.133371  0.450522 -0.233148  \n",
       "dis      1.000000 -0.445982 -0.537627 -0.281993  0.129528 -0.418389  0.167028  \n",
       "rad     -0.445982  1.000000  0.818708  0.198043 -0.251525  0.302525 -0.115171  \n",
       "tax     -0.537627  0.818708  1.000000  0.207613 -0.219031  0.385398 -0.190652  \n",
       "ptratio -0.281993  0.198043  0.207613  1.000000 -0.068344  0.047701 -0.106006  \n",
       "black    0.129528 -0.251525 -0.219031 -0.068344  1.000000 -0.262724  0.274272  \n",
       "lstat   -0.418389  0.302525  0.385398  0.047701 -0.262724  1.000000 -0.691140  \n",
       "Price    0.167028 -0.115171 -0.190652 -0.106006  0.274272 -0.691140  1.000000  "
      ]
     },
     "execution_count": 10,
     "metadata": {},
     "output_type": "execute_result"
    }
   ],
   "source": [
    "# Finding the correlation between the features\n",
    "corr = df.corr()\n",
    "corr"
   ]
  },
  {
   "cell_type": "code",
   "execution_count": 11,
   "id": "a703e935",
   "metadata": {},
   "outputs": [
    {
     "data": {
      "text/plain": [
       "(14, 14)"
      ]
     },
     "execution_count": 11,
     "metadata": {},
     "output_type": "execute_result"
    }
   ],
   "source": [
    "# Finding the shape\n",
    "corr.shape"
   ]
  },
  {
   "cell_type": "code",
   "execution_count": 13,
   "id": "c245f7b0",
   "metadata": {},
   "outputs": [
    {
     "data": {
      "text/plain": [
       "<AxesSubplot:>"
      ]
     },
     "execution_count": 13,
     "metadata": {},
     "output_type": "execute_result"
    },
    {
     "data": {
